V1 33.8 1 31
V2 6.1 6 36
V3 17.4 1 6
R1 23.1 1 2
R2 73.9 1 7
R3 68.0 2 3
R4 89.3 2 8
R5 9.6 3 4
R6 42.8 3 9
R7 3.9 4 5
R8 22.6 4 10
R9 51.0 5 6
R10 3.6 5 11
R11 20.7 6 12
R12 65.3 7 8
R13 54.9 7 13
R14 22.8 8 9
R15 59.3 8 14
R16 81.1 9 10
R17 1.6 9 15
R18 80.8 10 11
R19 70.1 10 16
R20 34.7 11 12
R21 16.4 11 17
R22 95.8 12 18
R23 34.3 13 14
R24 10.2 13 19
R25 10.6 14 15
R26 84.9 14 20
R27 60.8 15 16
R28 80.9 15 21
R29 73.2 16 17
R30 54.1 16 22
R31 97.3 17 18
R32 38.5 17 23
R33 55.7 18 24
R34 83.1 19 20
R35 62.2 19 25
R36 86.3 20 21
R37 58.2 20 26
R38 70.8 21 22
R39 5.5 21 27
R40 23.6 22 23
R41 29.6 22 28
R42 8.9 23 24
R43 24.0 23 29
R44 11.0 24 30
R45 28.5 25 26
R46 63.9 25 31
R47 37.1 26 27
R48 37.6 26 32
R49 21.7 27 28
R50 27.4 27 33
R51 93.7 28 29
R52 65.2 28 34
R53 61.3 29 30
R54 17.9 29 35
R55 73.2 30 36
R56 17.2 31 32
R57 38.6 32 33
R58 99.0 33 34
R59 64.4 34 35
R60 56.1 35 36