V1 33.8 1 57
V2 6.1 8 64
V3 17.4 1 8
R1 23.1 1 2
R2 73.9 1 9
R3 68.0 2 3
R4 89.3 2 10
R5 9.6 3 4
R6 42.8 3 11
R7 3.9 4 5
R8 22.6 4 12
R9 51.0 5 6
R10 3.6 5 13
R11 20.7 6 7
R12 65.3 6 14
R13 54.9 7 8
R14 22.8 7 15
R15 59.3 8 16
R16 81.1 9 10
R17 1.6 9 17
R18 80.8 10 11
R19 70.1 10 18
R20 34.7 11 12
R21 16.4 11 19
R22 95.8 12 13
R23 34.3 12 20
R24 10.2 13 14
R25 10.6 13 21
R26 84.9 14 15
R27 60.8 14 22
R28 80.9 15 16
R29 73.2 15 23
R30 54.1 16 24
R31 97.3 17 18
R32 38.5 17 25
R33 55.7 18 19
R34 83.1 18 26
R35 62.2 19 20
R36 86.3 19 27
R37 58.2 20 21
R38 70.8 20 28
R39 5.5 21 22
R40 23.6 21 29
R41 29.6 22 23
R42 8.9 22 30
R43 24.0 23 24
R44 11.0 23 31
R45 28.5 24 32
R46 63.9 25 26
R47 37.1 25 33
R48 37.6 26 27
R49 21.7 26 34
R50 27.4 27 28
R51 93.7 27 35
R52 65.2 28 29
R53 61.3 28 36
R54 17.9 29 30
R55 73.2 29 37
R56 17.2 30 31
R57 38.6 30 38
R58 99.0 31 32
R59 64.4 31 39
R60 56.1 32 40
R61 68.8 33 34
R62 84.4 33 41
R63 77.8 34 35
R64 23.7 34 42
R65 4.2 35 36
R66 32.2 35 43
R67 27.5 36 37
R68 21.9 36 44
R69 94.3 37 38
R70 87.8 37 45
R71 32.2 38 39
R72 65.9 38 46
R73 40.2 39 40
R74 91.5 39 47
R75 46.4 40 48
R76 27.2 41 42
R77 25.4 41 49
R78 56.6 42 43
R79 27.0 42 50
R80 58.9 43 44
R81 89.9 43 51
R82 40.5 44 45
R83 22.7 44 52
R84 99.8 45 46
R85 51.4 45 53
R86 10.0 46 47
R87 5.7 46 54
R88 11.9 47 48
R89 63.1 47 55
R90 79.4 48 56
R91 42.8 49 50
R92 7.3 49 57
R93 38.8 50 51
R94 99.6 50 58
R95 53.4 51 52
R96 97.1 51 59
R97 86.2 52 53
R98 2.1 52 60
R99 72.4 53 54
R100 68.5 53 61
R101 54.2 54 55
R102 27.4 54 62
R103 64.5 55 56
R104 12.0 55 63
R105 44.0 56 64
R106 45.9 57 58
R107 95.4 58 59
R108 87.7 59 60
R109 27.1 60 61
R110 50.6 61 62
R111 18.7 62 63
R112 91.4 63 64