V1 33.8 1 91
V2 6.1 10 100
V3 17.4 1 10
R1 23.1 1 2
R2 73.9 1 11
R3 68.0 2 3
R4 89.3 2 12
R5 9.6 3 4
R6 42.8 3 13
R7 3.9 4 5
R8 22.6 4 14
R9 51.0 5 6
R10 3.6 5 15
R11 20.7 6 7
R12 65.3 6 16
R13 54.9 7 8
R14 22.8 7 17
R15 59.3 8 9
R16 81.1 8 18
R17 1.6 9 10
R18 80.8 9 19
R19 70.1 10 20
R20 34.7 11 12
R21 16.4 11 21
R22 95.8 12 13
R23 34.3 12 22
R24 10.2 13 14
R25 10.6 13 23
R26 84.9 14 15
R27 60.8 14 24
R28 80.9 15 16
R29 73.2 15 25
R30 54.1 16 17
R31 97.3 16 26
R32 38.5 17 18
R33 55.7 17 27
R34 83.1 18 19
R35 62.2 18 28
R36 86.3 19 20
R37 58.2 19 29
R38 70.8 20 30
R39 5.5 21 22
R40 23.6 21 31
R41 29.6 22 23
R42 8.9 22 32
R43 24.0 23 24
R44 11.0 23 33
R45 28.5 24 25
R46 63.9 24 34
R47 37.1 25 26
R48 37.6 25 35
R49 21.7 26 27
R50 27.4 26 36
R51 93.7 27 28
R52 65.2 27 37
R53 61.3 28 29
R54 17.9 28 38
R55 73.2 29 30
R56 17.2 29 39
R57 38.6 30 40
R58 99.0 31 32
R59 64.4 31 41
R60 56.1 32 33
R61 68.8 32 42
R62 84.4 33 34
R63 77.8 33 43
R64 23.7 34 35
R65 4.2 34 44
R66 32.2 35 36
R67 27.5 35 45
R68 21.9 36 37
R69 94.3 36 46
R70 87.8 37 38
R71 32.2 37 47
R72 65.9 38 39
R73 40.2 38 48
R74 91.5 39 40
R75 46.4 39 49
R76 27.2 40 50
R77 25.4 41 42
R78 56.6 41 51
R79 27.0 42 43
R80 58.9 42 52
R81 89.9 43 44
R82 40.5 43 53
R83 22.7 44 45
R84 99.8 44 54
R85 51.4 45 46
R86 10.0 45 55
R87 5.7 46 47
R88 11.9 46 56
R89 63.1 47 48
R90 79.4 47 57
R91 42.8 48 49
R92 7.3 48 58
R93 38.8 49 50
R94 99.6 49 59
R95 53.4 50 60
R96 97.1 51 52
R97 86.2 51 61
R98 2.1 52 53
R99 72.4 52 62
R100 68.5 53 54
R101 54.2 53 63
R102 27.4 54 55
R103 64.5 54 64
R104 12.0 55 56
R105 44.0 55 65
R106 45.9 56 57
R107 95.4 56 66
R108 87.7 57 58
R109 27.1 57 67
R110 50.6 58 59
R111 18.7 58 68
R112 91.4 59 60
R113 87.2 59 69
R114 30.5 60 70
R115 64.3 61 62
R116 61.3 61 71
R117 16.1 62 63
R118 76.5 62 72
R119 54.4 63 64
R120 78.1 63 73
R121 53.5 64 65
R122 1.1 64 74
R123 33.1 65 66
R124 2.9 65 75
R125 93.0 66 67
R126 88.0 66 76
R127 83.3 67 68
R128 31.4 67 77
R129 6.7 68 69
R130 87.9 68 78
R131 94.7 69 70
R132 9.5 69 79
R133 49.1 70 80
R134 7.9 71 72
R135 76.3 71 81
R136 76.8 72 73
R137 13.7 72 82
R138 48.1 73 74
R139 55.4 73 83
R140 27.2 74 75
R141 87.4 74 84
R142 42.9 75 76
R143 22.0 75 85
R144 54.4 76 77
R145 73.3 76 86
R146 20.9 77 78
R147 31.9 77 87
R148 99.5 78 79
R149 65.3 78 88
R150 44.4 79 80
R151 52.2 79 89
R152 13.0 80 90
R153 23.2 81 82
R154 34.5 81 91
R155 59.2 82 83
R156 23.8 82 92
R157 22.8 83 84
R158 8.0 83 93
R159 63.5 84 85
R160 23.7 84 94
R161 90.6 85 86
R162 86.1 85 95
R163 8.0 86 87
R164 24.6 86 96
R165 67.2 87 88
R166 22.2 87 97
R167 14.1 88 89
R168 93.6 88 98
R169 57.5 89 90
R170 47.8 89 99
R171 78.7 90 100
R172 80.9 91 92
R173 19.9 92 93
R174 10.6 93 94
R175 43.7 94 95
R176 42.9 95 96
R177 47.2 96 97
R178 73.2 97 98
R179 67.7 98 99
R180 98.4 99 100